[References]
[Measures]
-6.8658 -19.7160 -21.5970
-6.8658 -19.7160 -21.6093
-6.8658 -19.7160 -21.6215
-6.8658 -19.7160 -21.6338
-6.8658 -19.7160 -21.6461
-6.8658 -19.7160 -21.6584
-6.8658 -19.7160 -21.6706
-6.8658 -19.7160 -21.6829
-6.8658 -19.7160 -21.6952
-6.8658 -19.7160 -21.7074
-6.8658 -19.7160 -21.7197
-6.8658 -19.7160 -21.7320
-6.8658 -19.7160 -21.7442
-6.8658 -19.7160 -21.7565
-6.8658 -19.7160 -21.7688
-6.8658 -19.7160 -21.7811
-6.8658 -19.7160 -21.7933
-6.8658 -19.7160 -21.8056
-6.8658 -19.7160 -21.8179
-6.8658 -19.7160 -21.8301
-6.8658 -19.7160 -21.8424
-6.8658 -19.7160 -21.8547
-6.8658 -19.7160 -21.8670
-6.8658 -19.7160 -21.8792
-6.8658 -19.7160 -21.8915
-6.8658 -19.7160 -21.9038
-6.8658 -19.7160 -21.9160
-6.8658 -19.7160 -21.9283
-6.8658 -19.7160 -21.9406
-6.8658 -19.7160 -21.9528
-6.8658 -19.7160 -21.9651
-6.8658 -19.7160 -21.9774
-6.8658 -19.7160 -21.9897
-6.8658 -19.7160 -22.0019
-6.8658 -19.7160 -22.0142
-6.8658 -19.7160 -22.0265
-6.8658 -19.7160 -22.0387
-6.8658 -19.7160 -22.0510
-6.8658 -19.7160 -22.0633
-6.8658 -19.7160 -22.0756
-6.8658 -19.7160 -22.0878
-6.8658 -19.7160 -22.1001
-6.8658 -19.7160 -22.1124
-6.8658 -19.7160 -22.1246
-6.8658 -19.7160 -22.1369
-6.8658 -19.7160 -22.1492
-6.8658 -19.7160 -22.1614
-6.8658 -19.7160 -22.1737
-6.8658 -19.7160 -22.1860
-6.8658 -19.7160 -22.1983
-6.8658 -19.7160 -22.2105
-6.8658 -19.7160 -22.2228
-6.8658 -19.7160 -22.2351
-6.8658 -19.7160 -22.2473
-6.8658 -19.7160 -22.2596
-6.8658 -19.7160 -22.2719
-6.8658 -19.7160 -22.2842
-6.8658 -19.7160 -22.2964
-6.8658 -19.7160 -22.3087
-6.8658 -19.7160 -22.3210
-6.8658 -19.7160 -22.3332
-6.8658 -19.7160 -22.3455
-6.8658 -19.7160 -22.3578
-6.8658 -19.7160 -22.3700
-6.8658 -19.7160 -22.3823
-6.8658 -19.7160 -22.3946
-6.8658 -19.7160 -22.4069
-6.8658 -19.7160 -22.4191
-6.8658 -19.7160 -22.4314
-6.8658 -19.7160 -22.4437
-6.8658 -19.7160 -22.4559
-6.8658 -19.7160 -22.4682
-6.8658 -19.7160 -22.4805
-6.8658 -19.7160 -22.4928
-6.8658 -19.7160 -22.5050
-6.8658 -19.7160 -22.5173
-6.8658 -19.7160 -22.5296
-6.8658 -19.7160 -22.5418
-6.8658 -19.7160 -22.5541
-6.8658 -19.7160 -22.5664
-6.8658 -19.7160 -22.5786
-6.8658 -19.7160 -22.5909
-6.8658 -19.7160 -22.6032
-6.8658 -19.7160 -22.6155
-6.8658 -19.7160 -22.6277
-6.8658 -19.7160 -22.6400
