[References]
[Measures]
-1.9967 -18.5706 -22.0560
-1.9967 -18.5706 -22.0683
-1.9967 -18.5706 -22.0807
-1.9967 -18.5706 -22.0930
-1.9967 -18.5706 -22.1053
-1.9967 -18.5706 -22.1176
-1.9967 -18.5706 -22.1300
-1.9967 -18.5706 -22.1423
-1.9967 -18.5706 -22.1546
-1.9967 -18.5706 -22.1669
-1.9967 -18.5706 -22.1793
-1.9967 -18.5706 -22.1916
-1.9967 -18.5706 -22.2039
-1.9967 -18.5706 -22.2163
-1.9967 -18.5706 -22.2286
-1.9967 -18.5706 -22.2409
-1.9967 -18.5706 -22.2532
-1.9967 -18.5706 -22.2656
-1.9967 -18.5706 -22.2779
-1.9967 -18.5706 -22.2902
-1.9967 -18.5706 -22.3026
-1.9967 -18.5706 -22.3149
-1.9967 -18.5706 -22.3272
-1.9967 -18.5706 -22.3395
-1.9967 -18.5706 -22.3519
-1.9967 -18.5706 -22.3642
-1.9967 -18.5706 -22.3765
-1.9967 -18.5706 -22.3888
-1.9967 -18.5706 -22.4012
-1.9967 -18.5706 -22.4135
-1.9967 -18.5706 -22.4258
-1.9967 -18.5706 -22.4382
-1.9967 -18.5706 -22.4505
-1.9967 -18.5706 -22.4628
-1.9967 -18.5706 -22.4751
-1.9967 -18.5706 -22.4875
-1.9967 -18.5706 -22.4998
-1.9967 -18.5706 -22.5121
-1.9967 -18.5706 -22.5244
-1.9967 -18.5706 -22.5368
-1.9967 -18.5706 -22.5491
-1.9967 -18.5706 -22.5614
-1.9967 -18.5706 -22.5738
-1.9967 -18.5706 -22.5861
-1.9967 -18.5706 -22.5984
-1.9967 -18.5706 -22.6107
-1.9967 -18.5706 -22.6231
-1.9967 -18.5706 -22.6354
-1.9967 -18.5706 -22.6477
-1.9967 -18.5706 -22.6601
-1.9967 -18.5706 -22.6724
-1.9967 -18.5706 -22.6847
-1.9967 -18.5706 -22.6970
-1.9967 -18.5706 -22.7094
-1.9967 -18.5706 -22.7217
-1.9967 -18.5706 -22.7340
-1.9967 -18.5706 -22.7463
-1.9967 -18.5706 -22.7587
-1.9967 -18.5706 -22.7710
